5,
0.0,69.2963752665,133.262260128,213.219616205,479.744136461,9061.8336887,
<<<<<<< HEAD:recon/cuts/v0r0/app/energyhists.txt
2133.0,1521.0,1538.0,2040.0,970.0,
792.0,1202.0,1713.0,3393.0,1102.0,
726.0,36.0,9.0,11.0,10.0,
617.0,470.0,68.0,24.0,23.0,
389.0,591.0,554.0,138.0,41.0,
323.0,398.0,859.0,1558.0,255.0,
78.0,26.0,48.0,309.0,641.0,
=======
1401.0,1025.0,1047.0,1347.0,644.0,
511.0,783.0,1167.0,2272.0,731.0,
732.0,496.0,491.0,693.0,326.0,
281.0,419.0,546.0,1121.0,371.0,
466.0,26.0,5.0,8.0,6.0,
399.0,309.0,47.0,15.0,13.0,
265.0,394.0,376.0,102.0,30.0,
215.0,276.0,589.0,1020.0,172.0,
56.0,20.0,30.0,202.0,423.0,
>>>>>>> b06cf9ef0b47f9144390c001b07e1365e2a8e4ad:recon/cuts/v0r0/app/energyhists.txt
