151931,348966
1.20959e+06,1.54664e+06
614437,671575
548874,1.38451e+06
139513,465347
440268,625961
226469,359570
280201,305626
101023,233248
326178,461467
255348,4532.61
347872,500849
266111,455389
647402,672689
503384,494957
496457,307734
182540,389269
1.12088e+06,1.18973e+06
240846,547468
463738,741578
142576,553269
57810.1,261073
395913,562531
56398.7,565197
238015,732142
827815,637592
281053,299160
105769,257666
135483,367955
114057,161451
593028,821931
781597,595443
463428,751258
169909,460406
259472,661368
652326,120028
401933,598094
285513,443527
1.37423e+06,1.52151e+06
270336,545677
232148,448204
414204,574253
788503,998621
191586,210944
212627,347931
175110,468424
270743,463180
179826,466634
180515,465048
349954,442145
659961,528751
397261,472996
192886,539504
396739,662426
428256,623835
348885,587229
1.17032e+06,842454
359879,361297
152416,238450
648033,699512
441995,602491
162645,217917
117095,130823
370513,584243
120672,190250
251803,360875
295650,372059
615203,861531
450089,644370
142280,290084
328631,310015
438173,511012
174935,310213
365260,744789
1.00245e+06,427671
287005,316734
1.11479e+06,1.17655e+06
222073,518560
107036,242255
467071,512758
149233,205571
305914,289877
791394,989762
647309,864358
116806,117995
424181,584625
663858,836118
504353,482529
304152,594614
443301,434255
114607,223743
115424,333949
450517,520992
687833,959246
234106,344053
280843,463873
1.01426e+06,1.25811e+06
259661,301313
228864,354135
573018,638707
1.99547e+06,949677
151102,217431
533148,674372
866059,918852
419874,349949
687976,690773
496339,493253
313230,700333
1.0402e+06,1.11087e+06
247315,385065
571536,654247
565806,787406
141776,324492
374056,635154
138882,280908
140235,199113
203950,336263
134924,142426
109078,331110
699353,944435
498574,763597
1.16518e+06,1.21185e+06
164239,201959
496672,663732
224561,437731
371375,477531
646632,706541
158125,198253
837521,774133
253261,552171
902347,992116
140466,189502
561104,685094
92059.2,264836
620259,880998
314967,522963
390580,593108
121147,158135
152576,259555
173075,287704
360827,295710
188548,354830
543684,348414
57272.9,271361
962507,944383
676346,713195
158325,223317
1.15408e+06,1.38804e+06
308761,435348
246540,416274
820518,807857
500617,752580
265147,459059
228400,392981
235343,466214
745439,804898
130943,293082
424578,532225
605140,688657
383340,371126
196315,404581
87517,429649
939121,604358
258712,392422
231674,241598
796358,934944
665081,628715
318186,488852
66789.7,171802
540285,794408
444079,751612
203228,560375
226679,289042
537970,679452
1.25106e+06,1.10322e+06
136587,403720
604576,626368
302559,611642
347427,451648
849338,932540
1.51144e+06,972725
217949,310028
882891,951862
526895,568852
894800,517895
299730,428131
284150,583112
218150,584071
562760,1.00362e+06
1.11509e+06,709952
141399,327633
519074,501618
662263,654286
623553,638873
392528,456264
475877,641241
390051,509115
819127,1.00195e+06
65420.8,168689
929655,1.09096e+06
583249,433669
386284,464452
140982,195733
174479,398242
285638,512717
193061,307780
207384,378251
332687,383094
177176,781745
289902,423493
393571,540344
645495,673967
707603,1.07696e+06
139991,518553
373849,156965
655881,924382
317856,356906
165835,355725
237103,261935
470439,694491
270726,528956
378760,678271
616493,534710
152835,322435
324969,503100
271803,305305
212840,224608
344502,378302
153779,219745
759034,668405
474153,576992
121953,167165
403004,456664
90645.5,311411
1.15754e+06,1.07747e+06
821928,1.11654e+06
635244,810853
346520,662623
380517,462007
164502,468815
440764,438770
73189.7,499470
161448,285001
386128,389799
739114,723246
497727,346893
360587,454873
541760,608263
490292,488585
350502,407366
216420,332900
410679,417179
254174,343070
160820,456486
440254,603385
221058,263097
131022,576054
165174,353411
611611,563668
846106,727916
810498,699867
130652,150103
951951,914247
960594,726135
579508,702443
191585,256372
261661,331115
165754,211626
562346,648382
468459,433904
584896,574975
219942,516522
235158,357227
254801,264669
151680,770696
193051,377010
438649,739619
278855,399283
363862,426379
341849,572516
794572,431544
551161,706894
366998,572876
451768,656349
414691,588572
86111.6,266426
507973,555687
193256,329394
110831,161936
419973,699991
1.29041e+06,1.64199e+06
410013,451883
293782,359135
254312,268224
355566,696894
185482,623405
238015,377953
405904,736887
766977,595373
1.03532e+06,1.11253e+06
246898,540456
436491,578874
211211,325727
318060,565233
340188,593951
584759,872362
272890,517866
134454,185267
302893,222829
297985,328103
380551,558523
201020,266910
216563,388928
98905.8,244751
608978,813239
237609,278727
620449,570343
414252,404986
194851,283812
424428,521228
211855,306476
850231,1.09384e+06
293478,270291
220033,396768
136591,198711
201070,461306
238999,340008
204643,275590
7.38305e+11,538417
232564,358418
376015,383738
746744,740252
292459,238561
112529,308427
768710,894531
465280,488888
529562,553608
689661,632738
773699,590533
204313,548707
162261,185805
244366,311171
204368,467934
177969,536141
826525,761926
368651,431059
174773,347175
536972,621147
223960,465652
408526,404291
149827,231775
165606,180750
527668,633278
399053,430725
319656,408766
466386,413485
142442,165646
220066,312528
229074,566168
862796,705584
596573,474239
323466,553099
101450,135868
866178,935286
1.36412e+06,896349
324088,723658
160246,136314
312475,429960
372571,843274
210678,356477
748660,902311
859518,1.00536e+06
137604,245078
272042,514358
901607,833528
670074,715325
106636,353543
810829,710271
698209,833433
274152,413681
565044,501620
683191,260303
272207,381748
580734,566332
112153,243172
188352,177256
114645,208200
139299,320234
97678.9,302724
74092.1,465862
307741,437163
438648,535464
299293,475060
1.13096e+06,270189
280133,510975
135035,203112
403298,430916
311841,468582
202226,294178
119234,214681
357601,631883
376924,494150
205807,414014
210702,457829
282499,443089
290266,271588
227229,348512
251530,285292
1.5378e+06,942125
618268,633830
926907,865264
353509,371149
820207,856311
298025,363813
215474,296636
684819,948534
150731,350327
166839,391233
314259,300554
255508,260384
130181,292696
246425,377981
569039,380320
126773,212395
158435,360848
134563,223363
1.29493e+06,1.42574e+06
102957,178301
121355,161625
425179,605830
99757.8,369948
479366,497064
313180,421047
307008,297798
52766.2,357979
702610,948723
77207.5,240118
859047,783723
450068,572308
382446,395327
179170,359644
435283,397856
336831,706043
499875,518683
1.06034e+06,944725
298272,372331
340251,363342
826552,1.04872e+06
163867,296009
258197,251213
121908,269413
298877,350089
602236,633952
643153,814893
126922,295945
225901,485332
1.01963e+06,1.01928e+06
338752,558434
1.14674e+06,456101
350004,615753
765908,912254
801847,960889
202430,519677
695849,792022
357662,490919
346724,637342
180985,244389
365008,355219
354573,567512
118475,459449
679524,622198
403283,627279
401453,568476
513766,527466
186459,353351
508227,454735
169731,158569
440561,712692
53551.3,218799
492418,734894
784957,895890
411004,484575
398101,564154
300105,401383
882586,823372
591727,396988
409490,380735
120876,278436
806001,580339
533639,376199
382478,363914
138043,179970
117471,225373
705304,683992
587331,713883
370526,626664
182643,334276
708015,647375
407263,442181
362158,489796
87059.9,267828
378516,638735
204644,635778
633230,526493
161387,518789
726125,878230
152159,279800
372695,487710
168777,286471
329264,555446
325714,570624
336419,428027
233226,354233
395106,362829
1.15181e+06,283563
614476,838955
151069,342894
327026,392767
600355,817456
189979,369621
405140,538381
618827,548385
138824,344070
953501,965451
155843,178501
991796,1.30955e+06
325097,483853
972113,727994
213313,383571
71716.3,129468
470827,417833
221782,399560
945597,890077
149909,257707
894852,1.01688e+06
202526,286851
270426,442256
337884,511219
910383,919231
110634,122033
499423,557717
330792,398566
252528,416378
140782,286209
658404,735734
136186,459249
1.52655e+06,1.0253e+06
268894,604199
264449,417417
317115,476553
171418,475876
248396,373653
650378,983287
118447,341450
346141,305509
118584,223786
288697,567715
3.54928e+06,1.19885e+06
637331,598097
347436,655616
319985,567431
181378,194368
198612,252460
139122,536033
398525,734767
183529,191688
449573,624108
445995,609338
143516,298174
583015,383062
141220,618600
150861,258369
626677,751072
209624,529129
430254,713262
219941,370575
303538,494035
183657,347677
244020,536029
561373,950540
616986,701700
170393,250938
112948,190523
2.1743e+06,1.37782e+06
168732,480377
213965,585507
227503,419136
62421.3,152369
207028,589668
312582,341627
1.30775e+06,885882
265922,353906
101246,174780
745779,1.00542e+06
570734,649036
233861,483300
159710,286215
189762,564972
257177,311443
79032.1,219013
553706,349906
797668,1.04912e+06
58030,193263
135919,464924
316107,648205
148649,422564
293266,316633
134018,293796
314341,329749
284101,556944
109746,555085
145243,241296
688542,984961
138616,216286
107506,161324
544013,582046
488036,672165
211995,347268
554681,641830
436389,614019
634399,462149
160351,514387
577000,738862
508365,620176
314199,352044
295895,364539
465030,369405
119129,497287
204675,459465
232984,880065
313121,553867
217142,303932
178966,250118
304309,345944
332193,510155
1.6668e+06,772380
37866.2,451638
298001,364810
609238,570776
310684,586148
68894.1,236190
496387,698009
479245,902831
628261,802559
653532,753418
223493,268596
1.00098e+06,1.07389e+06
1.18649e+06,690748
371546,553159
1.0319e+06,1.2106e+06
250904,255180
336584,377435
103550,152571
223868,467009
828450,853453
650664,448872
329483,602708
578949,621290
247881,333497
614467,581112
117593,358792
279149,259538
758324,1.00084e+06
376333,514276
301671,268734
267839,389114
65311.2,96701.3
632864,914173
439534,664141
1.02932e+06,852153
238447,362200
1.11218e+06,1.23928e+06
165097,367474
219302,284623
287018,376244
83266.8,238150
252489,450102
183838,387069
172487,255427
736055,861991
187871,427324
281934,321531
147180,274546
122466,233782
52783.4,233794
116294,201445
55026.8,198370
654028,539796
623756,713600
331290,350916
447713,854746
262854,445058
337988,434545
174995,212956
446271,715537
1.1144e+06,1.45618e+06
306543,380679
900207,825927
83188,187222
197268,326319
831810,840317
352681,657069
109731,230723
196110,228649
485556,523734
299471,518438
219985,233633
766115,963937
287302,443889
497750,645593
613390,681857
104441,489802
313053,449886
357134,478220
689971,757138
218481,310647
278992,518735
455973,496031
536302,655777
227278,272216
67055.5,119116
375053,589018
400438,368816
327594,480405
790765,880168
307315,415032
177042,624630
117291,257033
173774,434169
108263,189188
290578,450939
87213.1,184220
214086,471913
276200,335341
368274,509796
965045,870285
488226,840783
182060,254338
750859,1.04757e+06
450596,605183
703673,465205
293263,257382
519877,642487
365964,483081
349472,455407
580425,517204
547211,727063
680901,846093
207759,372457
481348,789013
890972,1.10383e+06
360484,564320
1.94329e+06,721067
379761,497410
109407,433945
236584,498918
638785,1.04801e+06
386875,439176
186892,309771
104608,291835
234936,527735
304093,647971
188714,413317
1.11358e+06,1.29664e+06
84838.1,262741
525554,533913
436151,588216
98490.9,489085
249958,328586
213419,515701
608069,783402
205523,278538
483962,494834
383014,412518
657968,779274
480971,653977
352697,573708
465997,594080
355473,340537
739551,788954
140664,222981
142487,357170
279571,300415
557331,561107
425134,642422
383852,456560
371457,534433
600851,583008
112778,313219
209755,243637
183947,389777
86819.2,459278
122158,375582
337363,454827
136727,1.0495e+06
363954,365433
74417.7,161927
330933,377834
198655,276739
566458,625621
499399,562595
130316,216237
290675,638012
364827,382054
136078,201725
722340,1.01263e+06
115234,370509
153482,517710
203360,339746
103595,254477
490072,581249
172343,271005
379018,358433
423440,483818
292814,470285
352780,343799
183663,350990
259120,539687
632628,727602
541262,698840
370978,509642
371364,340226
579664,618572
402736,562467
871896,1.01393e+06
86422.8,371320
496633,304937
234821,407478
478435,779319
174292,223494
240289,373386
148705,311498
571320,505337
155976,307292
377666,757709
165071,443468
225823,371099
653203,715549
586612,601348
510711,439961
162693,468424
231443,463180
205320,466634
363118,495406
802305,772501
141105,364449
82366.5,281335
96990.8,177483
237204,323424
642072,747268
206862,298458
97789.9,374858
709927,660098
120349,187031
48475,703812
142534,228347
1.12566e+06,1.06796e+06
176900,537315
372269,552817
85847.8,115551
131474,227487
340402,261717
239231,276251
344535,564784
994902,622599
464195,535853
1.53395e+06,1.10118e+06
543968,696851
88016.3,263495
414232,531524
503571,588653
405942,405017
199002,376273
175793,312445
761107,1.02497e+06
233416,268991
760076,864426
185783,353154
297491,333438
569270,677108
747802,906828
199906,346417
401808,607669
1.07832e+06,926613
258732,371994
156626,196491
1.2335e+06,1.1202e+06
850387,618490
343781,473654
602987,904521
204809,278473
96532.6,459679
183420,322803
208427,322612
262946,348830
2.22388e+06,901240
1.21836e+06,834724
177589,226665
337638,561656
222695,394242
240603,371698
751260,656572
818914,695674
120578,409161
64573.3,401074
619228,812136
60582.6,210518
164324,335581
123363,206421
4.18074e+06,4.25956e+06
331869,476941
1.15746e+06,639883
183576,379629
107592,334334
493666,913630
297787,357632
397592,461115
190511,506081
631954,518256
204241,244292
76423.3,90108.8
240790,459419
190589,315616
84156.9,366014
763709,900138
384181,636917
662260,673955
147939,261210
197141,319170
489969,422024
328187,446925
621175,838026
568634,578344
86388.9,203894
613048,806596
205590,298993
453441,645345
343346,444422
950583,892554
415759,629194
399088,437194
621141,700480
222826,257520
617922,859613
526981,561227
370248,405730
397510,555916
203954,368693
709408,1.03735e+06
266680,360116
489895,682669
191214,301204
349229,423080
237074,311633
298535,375139
292399,329446
259688,407103
101041,328730
200518,303861
72800.5,156897
476596,662936
73028.9,139259
489594,571761
575611,539671
193947,242045
1.01007e+06,1.01314e+06
99216.3,169740
312952,470927
655126,644175
215430,341202
1.03349e+06,1.3914e+06
285749,468326
535437,543216
612075,1.127e+06
424590,646412
130593,238056
232782,411509
251846,314431
613154,491478
292881,548277
1.19019e+06,1.00302e+06
290735,323502
117791,323791
761719,952621
354175,650316
554260,478723
137141,137270
381348,616113
257916,412972
96374.1,283418
415184,272544
379780,497857
331456,420668
238844,528013
939964,414442
1.0781e+06,854346
1.19602e+06,860377
161241,290512
153717,213342
1.39221e+06,614576
206835,397228
400518,451931
937772,658079
852362,815995
390814,649159
110539,321485
140974,288000
387031,590895
325791,349980
290622,422333
317987,437024
277759,443158
593552,854402
375781,442480
281587,503477
134286,267625
227017,257795
333374,460915
84510.3,203706
1.13413e+06,1.18689e+06
265009,391475
322035,478028
626118,631282
316241,434678
202852,216755
460139,569814
573874,766253
655639,842808
239202,457192
293805,465097
104890,227642
153225,423992
3.67309e+06,470077
355280,666132
200587,430399
240632,365126
217729,321690
272053,290367
376316,551734
202641,317281
95419.2,325078
518511,753869
504712,324963
288853,402646
2.35007e+06,382559
320026,415071
177423,315733
283599,355116
115149,168243
120205,229410
229305,121773
263164,332429
315212,420647
377851,726879
148367,221927
130903,547148
350335,582643
212916,245977
521119,520208
249711,495245
1.10563e+06,1.07558e+06
345115,578333
458944,509588
173790,215233
628568,543076
300580,544399
1.03784e+06,736440
104773,257186
158119,592783
424126,668962
228704,388972
877177,604817
212175,316461
543689,695482
251481,285239
350923,598147
264174,402947
628200,888399
174229,546244
313190,604086
198939,385180
225254,419603
383723,489051
360873,593933
744648,777976
437297,762390
196958,498654
336241,431429
568017,764968
300699,490286
330670,488511
290842,504692
466828,360553
262317,437625
386748,475493
387923,733443
1.16758e+06,584728
793308,938801
557875,575729
461088,497410
572447,636678
238767,270984
432371,458670
377885,427360
500832,644976
558075,982469
137339,228767
199081,248512
2.77065e+06,806880
455832,697322
567773,537380
355538,612857
690692,754712
669416,966104
443614,784696
148315,306269
140557,250728
216458,335027
975636,914483
638403,702140
235861,398863
702383,848791
118622,379264
199944,551254
190543,204224
575554,841215
158373,340513
211881,470798
110345,241640
92554.9,440853
390720,635397
252816,583609
141194,362263
166348,397318
334633,488414
107553,524609
627701,828068
202850,498287
688226,687853
201616,209435
233657,455721
815100,995218
895212,995593
703688,557383
106197,138283
473862,448192
447176,618827
972041,1.08401e+06
200046,389318
339014,654083
245603,289618
600289,752119
443076,513292
2.2606e+06,932232
321721,386947
188465,281865
1.08784e+06,1.15087e+06
229768,241914
462904,598000
186215,255619
89556.8,265705
245337,309428
173394,594222
517071,669662
317958,380164
234184,261852
131981,172385
121434,329972
367185,696296
440108,933839
636013,835232
437243,632950
110741,298692
221461,486515
487366,517079
102651,175144
475542,614018
672460,1.09648e+06
231353,279529
602924,612805
95161.1,128472
138166,281968
165698,284682
485590,719047
980059,1.17734e+06
260741,555698
193113,190990
901737,494501
211861,526134
90938.4,195716
250659,323563
705991,724869
484048,780472
184078,426422
184324,269946
948796,1.00573e+06
815745,861216
243069,473691
82975.3,215050
228240,233116
515951,638295
280418,512246
73284.9,144969
180812,287772
142788,178505
719203,579197
276517,620137
383336,580840
273620,396460
692281,1.22247e+06
868121,461157
392643,532772
220398,394136
334787,405487
311889,527243
143457,486487
111943,376690
630725,591958
310664,344299
912726,457871
753536,884109
276646,306845
144746,183000
199095,333033
199700,272886
485852,438662
364785,386634
143987,192074
253483,265050
144252,198902
173922,192153
488676,500100
356268,565490
533886,742212
353120,459172
421197,581992
140474,185622
220846,440761
129959,311706
433521,426538
195016,573923
151852,272669
132353,219391
512613,597418
507194,663780
793271,921269
460924,694511
712523,916385
487080,630194
107905,175948
91818.8,204405
569427,634034
150569,262967
148258,260554
352246,339848
856824,1.00956e+06
779456,824613
239574,380041
635667,929934
260566,338529
276184,293199
256717,309690
385952,656611
598743,754824
328362,371197
302174,454540
337209,559854
425825,509341
149948,218417
115244,380849
314802,599769
685653,437487
175724,319574
736894,766998
431824,574101
163108,231838
604102,718657
165359,477973
162195,249923
430491,656566
461505,761922
267869,281646
56528.5,292884
255640,340578
185278,390490
58374.7,114362
760338,846134
858189,943515
186779,341431
271420,1.1017e+06
542116,751863
212448,239738
124041,242016
802712,442182
243647,338250
145169,215084
710012,594944
362595,457642
390101,350780
832063,458996
144161,511633
773903,856689
463501,518966
85962.1,321731
297019,441142
126450,246295
314042,467673
242189,426227
181529,406919
699640,658184
226748,421301
149042,313509
182757,404011
402452,747635
327533,521191
419300,640439
316008,405912
628673,666855
495119,696899
117886,340893
476786,889052
130099,183209
375939,531577
109683,197024
789172,914631
354712,432051
418018,586209
329433,613137
224514,300234
634539,692275
1.29942e+06,869822
1.29531e+06,1.17415e+06
382588,557111
482278,801682
134177,425016
182209,270887
136051,207691
610469,709970
576256,813939
99235.5,132890
826685,651312
313841,515938
306315,393723
152417,291071
104562,259707
424947,453354
512331,856082
416004,453122
445905,533404
579145,382824
287845,326821
654530,781916
196876,305402
895354,898806
1.60837e+06,1.00941e+06
222735,617375
331141,519388
181457,629344
539323,718370
779020,614907
748342,1.01607e+06
283232,383306
98893.6,386819
875672,997467
109451,195096
260545,402983
93539.6,249744
794964,837640
246687,254882
402674,394947
509149,627650
765396,623195
369872,730225
211598,372032
174170,354597
561623,631043
333398,215026
279977,486762
104242,396753
390990,501473
62182,258409
729718,900032
512287,561945
95212.1,196426
146650,449076
84749.7,158929
475166,597568
1.12734e+06,806692
625440,672095
176676,296634
326870,420802
473872,603273
231807,335550
575995,371204
369315,383111
137528,238201
121353,279779
269739,442010
144240,547118
583037,807885
66424.7,280531
257904,389799
364048,346893
204092,358542
272677,439189
593926,1.0187e+06
911490,1.02532e+06
145694,329464
746187,911257
188769,349025
635986,611972
232538,431827
156955,255182
209208,318094
329878,624778
781715,777737
955537,817858
281557,372062
776494,827535
237615,384964
593995,571391
338356,527612
251494,337694
149696,396321
279814,551584
188028,144998
891523,334345
189972,298247
224360,331976
549771,507684
639575,796227
428877,646145
990576,1.08954e+06
607739,851765
111200,235356
872434,923179
1.0431e+06,902729
688345,683336
309515,727521
199342,581758
189555,368811
404839,405273
763411,760784
119507,439740
904146,548238
84504,221425
502701,705062
554258,612451
174454,153573
334110,666101
992873,695787
435558,571135
990779,1.15605e+06
677336,1.18059e+06
99618,353770
1.20208e+06,640325
508005,663616
132019,383813
380148,343606
426670,644828
1.00678e+06,896885
241672,289912
156073,382488
247850,553106
184728,419667
1.08877e+06,377175
168953,236209
221199,346649
626305,813436
604526,830825
165786,505310
195046,494983
112883,371774
479363,449233
640552,910793
807106,850179
453019,542039
792496,756774
894651,658799
485922,493204
512761,515689
111563,200536
258714,324297
418557,534846
279928,446155
155726,280877
158715,504364
51260.2,192866
113779,156506
175813,230095
947694,962348
504593,718239
309844,533442
450086,593871
361659,629011
403089,443169
103112,207571
368816,346761
427215,521773
106111,429219
416571,534422
594795,631132
393815,642695
164063,304461
46338.9,95167.6
158447,570030
486754,591220
238467,296978
350107,678405
385640,434540
398264,491866
248581,624387
233758,628451
190970,247048
2.36066e+06,1.77721e+07
713033,946973
337165,428839
1.28843e+06,653174
123277,139402
404771,472592
267733,286433
663137,879543
629236,891735
163754,223744
616646,944326
805616,856313
608524,1.03724e+06
456119,519676
248853,393084
337952,409453
365570,451080
296680,663825
1.0049e+06,726299
350321,572509
639871,524384
114023,178320
265011,388893
120735,294391
82891.8,499397
810327,1.04422e+06
300236,665644
443637,595981
138149,306468
468790,659403
258304,421116
310113,571983
100599,355956
373103,668044
495776,800400
694033,707561
113021,443141
305068,437339
879047,344107
1.09939e+06,1.16521e+06
2.84761e+06,1.01438e+06
518234,503512
147855,230030
241389,433188
738207,861920
216565,343082
1.03778e+06,1.52551e+06
755150,751877
767235,969087
199927,451278
599746,872816
364002,415421
230691,941485
170120,204275
306641,523332
206976,502870
250054,516462
246547,606161
533003,638417
210567,368858
558345,627408
385595,497757
513350,548663
843251,814878
178227,435294
238510,833753
345145,451490
732310,539412
465365,501387
258867,496100
722829,571482
572019,634693
97890.3,207088
97405.2,160463
78223.8,266169
310952,639373
297811,519440
473253,660611
171600,259043
778131,846235
201160,395620
1.00844e+06,760571
148247,358263
2.37061e+06,360426
136714,385430
351665,378054
2.84669e+06,1.06258e+06
319196,379918
802855,1.05683e+06
396766,654817
194234,484707
269891,584022
82184.3,279889
347324,427426
379861,591557
363045,496153
120470,198901
1.02825e+06,1.21346e+06
179125,281646
129267,317342
202703,199702
226790,471785
398574,453870
453801,493008
298765,649920
485053,418766
268258,1.8134e+06
200153,352301
656807,455214
790411,880099
447742,607489
697990,722578
234049,272475
171502,394426
895299,989132
609848,797471
222624,313767
440329,536301
1.04101e+06,1.1082e+06
354768,503541
127109,273876
115587,160327
378389,620104
180564,478102
656171,613418
109461,369770
908118,493797
320165,424960
192591,261397
184769,264294
354051,481495
558125,679609
1.11133e+06,1.04823e+06
158946,431655
184399,302274
988566,601326
849622,1.00131e+06
179415,213158
74919.5,1.1921e+07
412166,769704
320615,498412
141476,211155
113562,449384
338772,604951
501133,551206
267705,493419
227394,305130
341717,402928
257794,559953
425252,577340
664589,827390
123688,205829
974665,642406
666742,1.0752e+06
558844,854258
586229,686155
644979,548421
101503,311788
99381.6,239471
171341,442151
751111,780620
327138,450723
422120,619821
90044.1,483936
782061,447182
431873,491251
263848,337934
456190,779849
561364,739240
796926,1.02621e+06
105933,272706
990311,1.15081e+06
246988,332589
151728,399264
1.55064e+06,718385
340548,589738
931831,336926
221407,384311
240477,340161
263869,362901
138412,228959
629763,696755
99496.3,117189
337422,462836
338498,515231
262445,398577
538747,631165
287529,447624
180681,218207
497778,532679
125545,225405
799625,711776
287434,502093
663634,796437
117981,161322
1.33517e+06,910911
849785,917496
113085,234872
297529,387755
130508,209206
376708,500310
366145,327439
153912,198115
217905,554440
925070,866692
523869,491322
276642,728280
258858,526521
604098,587294
605266,601570
268376,362009
774854,773304
536787,491008
663106,840563
212461,277920
125672,236749
345429,568721
510381,612623
367749,463759
255875,340967
983259,1.09755e+06
341735,402868
276628,643260
391412,550177
221300,287484
328167,336456
135123,262847
137028,237994
577158,704269
460426,679598
172873,416002
561208,584370
295861,550261
944783,1.09914e+06
83141.6,232474
677273,557878
307019,575505
52116.3,92765.9
568725,583847
330742,638698
828962,859463
270782,320421
833741,1.15306e+06
429269,411691
185570,559195
1.00026e+06,736670
465125,588523
176984,369779
571171,564192
810582,932494
98304.3,452937
869494,937339
960683,1.02663e+06
232987,568466
221859,328954
162405,313825
476630,671360
404907,627845
513196,551758
147632,151396
273196,393603
525233,812850
3.94084e+06,429296
574195,789382
695304,676656
522751,491645
99711.3,111402
921727,654229
804658,732721
241014,401879
633918,964295
205060,244105
703055,800923
1.1246e+06,1.11446e+06
256131,268046
188071,256940
261024,240576
218762,373804
415423,608530
144771,306807
1.62004e+06,705863
801844,778209
121335,218278
287630,268642
443511,601387
177130,392087
337516,505217
193085,528037
321146,604405
392442,550282
1.13135e+06,1.24092e+06
232220,435600
1.83656e+06,553936
683383,447329
317993,313833
244761,669600
327091,524656
130580,166114
115500,443779
121738,174527
755632,802037
274327,414815
251939,381036
876279,1.08808e+06
65724.9,63600.3
811011,668423
467461,621618
117814,194000
205330,439564
99859.5,188669
95719.5,257094
426066,672584
680018,635750
322209,469710
164240,273742
290627,383685
477279,593273
241531,338584
237173,306110
93239.7,230787
172172,435149
142423,1.05739e+06
225855,404155
91458.8,392471
555645,619906
299628,467185
131506,213035
525529,702699
546272,474689
1.06349e+06,1.28643e+06
123385,270169
184241,251120
344565,585249
1.02275e+06,417793
151908,373497
697842,905007
109251,188496
144785,203368
234114,273721
618628,602584
978997,1.53818e+06
781380,880486
226329,228395
303143,232406
167620,293266
82126.3,197983
162910,266088
355195,469491
465006,371037
66812.7,252730
645440,955149
84496.6,203298
283210,329858
235021,266079
957594,794768
296836,584651
289134,682528
550497,685708
254397,313759
1.29088e+06,1.05252e+06
519591,583892
543859,492238
557587,755151
742709,768249
443158,740139
638221,31554.1
132971,197657
1.38576e+06,693507
601535,401598
384751,561931
375996,661168
464215,523043
200494,602973
84239.6,174652
557290,683406
3.40499e+06,581782
411749,794928
419537,771264
171702,335946
195997,332615
88936.2,208902
553814,1.10566e+06
205699,398892
640104,658959
201511,206998
1.24669e+06,1.05753e+06
530344,606258
457518,584411
402824,559869
524932,588672
312670,677845
181574,259962
266977,389175
310075,333083
890588,939594
207268,323733
68079.3,365799
375445,515067
351144,581866
134700,391096
129975,269507
737200,664125
663779,853462
354202,448928
193210,317622
775242,1.0056e+06
167957,269685
358225,399337
609867,1.00871e+06
118479,197716
98323.2,616298
295848,382422
838367,1.79503e+06
568618,566234
58283.7,529059
1.15965e+06,1.28264e+06
411281,716584
325217,545921
715395,785993
274923,397211
303417,383674
1.2949e+06,902738
87288.9,192523
180578,205445
1.0901e+06,1.19674e+06
274141,284432
500223,729583
238219,332583
425984,489719
334649,586906
53468.4,379924
900411,1.19769e+06
154868,301889
135828,398347
926685,958409
559691,463911
141423,503324
376781,514623
83677.2,347348
183856,574735
152338,272976
4.40809e+06,260225
728391,584124
828348,710521
147558,248206
116218,178636
229148,252424
135279,209760
304977,550227
601526,600615
449846,516729
347143,536906
430392,466582
146268,197252
623531,607170
355366,492628
624346,903771
237016,325243
134203,227446
766951,967678
208263,307312
492367,890116
224933,243590
282634,569080
345400,576858
374662,442984
164332,563912
539411,587753
89089.8,135868
239464,406043
536260,664818
206087,341253
289443,367408
258566,389270
1.13651e+06,524016
561444,607867
509706,678432
641271,440415
803270,859743
88272.1,182993
562514,486897
578871,934114
724252,844906
224643,367194
387524,467931
715654,896028
273976,361372
117032,192207
180732,243294
384619,333841
530856,704324
549010,569399
188421,213179
63158.1,209071
208094,234819
595909,581156
403894,634687
707991,746797
271152,647172
455272,453462
317222,449633
529118,556310
924560,1.39373e+06
664597,729757
574699,694122
83728.4,249311
504682,590613
503943,695953
115681,153460
677083,872078
178775,488741
478222,466842
111964,197758
366249,619904
426589,495998
256895,605651
301812,528478
115727,325711
274412,397855
167522,257955
231041,402576
549366,785923
483872,705147
533129,570918
638547,766821
74990.9,163463
442461,609425
704186,1.09882e+06
235668,380566
112815,192610
152299,192647
122238,477782
427077,427693
663525,603264
305646,353692
720339,650861
292171,476744
81601.6,398149
451355,813972
243367,255277
428200,508227
1.4646e+06,414897
402539,754417
650994,638274
145168,266371
104095,180933
236130,370434
45370.1,334851
306593,403874
905855,1.10476e+06
200301,287524
185173,515701
871370,783402
225756,432884
384916,473227
365979,443732
355490,539062
730458,818012
1.11911e+06,925275
188070,254679
505847,635281
2.25732e+06,1.32753e+06
501982,489850
670447,702226
172721,337653
630726,773238
132705,222570
323829,704756
190485,252081
1.16575e+06,669550
46124.4,448448
133537,217349
125767,115820
162206,404916
168612,401254
288211,429924
421865,647559
801763,872810
502415,592931
277732,538237
132983,292092
360720,462502
502995,554587
98757.3,399401
511686,609376
148211,695477
520788,747186
748020,999750
210935,503490
514400,633962
362375,482959
855885,886955
353367,641654
112353,431944
712570,755807
193886,333882
281109,515477
114874,188254
315543,518202
604023,794983
164300,331104
126011,199556
1.3899e+06,1.06637e+06
331196,466366
297676,421677
713056,634222
222623,461057
93426.9,628614
935667,706155
464269,332553
609254,864854
1.92338e+06,1.35935e+06
931925,611760
141698,208445
668715,703746
342441,375094
138666,255330
564595,689238
271200,285994
426493,567538
518268,629142
592158,712657
236173,289044
230891,519532
829240,1.15641e+06
322110,287855
122869,224574
205041,251126
184646,281133
1.01912e+06,1.11996e+06
176149,282174
413733,688434
263618,572830
235737,496965
364561,578391
170747,202430
1.07939e+06,795753
534961,687608
192313,361910
399969,555556
5.75756e+07,978917
598740,691288
360383,490424
1.03701e+06,649215
399442,445612
163925,186398
390680,525306
945254,737483
316937,552210
291261,434666
191555,208398
161255,720969
1.01423e+06,637536
547754,725982
104945,280094
769553,1.00533e+06
405665,595252
383882,388602
1.27843e+06,1.02281e+06
1.10696e+06,1.29687e+06
893172,663422
260740,347096
218485,449963
127838,277690
424794,531102
577274,666629
68236.3,473565
362065,441874
254951,439275
175113,285343
311305,400583
426154,674694
725651,786819
564843,760590
443443,694908
125207,348341
180532,383759
442183,659108
164755,187239
226065,473250
125831,239679
597600,1.11931e+06
466412,780470
549843,385126
278682,395748
302103,403975
300448,419449
153061,175124
1.77939e+06,868580
193514,259388
292316,414796
148281,265867
290127,317090
158830,335504
674548,1.06245e+06
229081,299703
387358,618651
847306,1.02233e+06
107407,292282
239323,379268
243402,467907
110299,253707
178642,609914
3.33516e+07,881338
215165,514768
173416,549273
74937,97111.1
723775,467001
151590,370701
1.30746e+06,1.15239e+06
364564,482588
387900,401942
437007,492544
155988,218647
112700,452297
432804,473795
189991,341623
354250,953788
299295,510869
625647,796197
216949,215597
271839,405949
532293,627094
683810,1.01677e+06
416875,634249
366268,600080
465625,651979
351478,368491
193718,403990
779196,707397
104312,347839
239881,379291
335554,310662
519009,430707
424636,765379
293113,556011
772368,738626
367051,614151
128295,223377
200544,233628
903645,1.00222e+06
717540,602191
733659,509324
717980,694066
176270,444593
147699,195424
283210,575372
139620,217943
767900,667856
200733,260155
508689,360916
460316,1.15025e+06
676056,598166
639635,710946
274772,336061
890098,664156
358462,528799
84135.6,200923
456482,577125
669745,740601
371418,423838
117978,129740
323671,375579
313997,470726
528907,523046
471254,866874
460921,707815
1.97536e+06,752941
807210,477941
440533,586891
353086,512342
378839,491499
287324,444544
694363,532894
205963,363277
329952,469287
751494,698944
392825,518893
271045,267775
221848,274704
503950,580441
313518,371308
341953,424299
389107,618428
422132,686022
533983,639386
110542,169103
317872,156740
214021,569834
546341,629591
282473,491091
398250,470760
111349,171625
198568,250999
112433,368698
386205,558286
419119,574411
627994,850566
393907,539148
109944,264501
197611,218760
93225.9,298383
678190,796823
190921,376207
532785,471323
620880,379560
829009,413393
192442,407750
1.03121e+06,864615
177370,274523
161523,493059
229635,529159
710320,952251
169635,265233
219015,329521
634454,770821
422704,579673
448675,708963
224216,271874
409750,603035
564500,591188
373798,376435
1.28351e+06,870139
672887,787058
494583,750895
192385,232061
513969,731136
152587,210194
159959,452889
208382,479429
396156,606448
395725,480970
357540,547097
172565,247525
295300,327759
321012,497778
337715,455508
92307,202196
244794,303413
560016,648291
104079,400396
343541,501792
1.11305e+06,1.05537e+06
588687,765150
358616,631942
167390,357129
164279,480588
907005,1.01137e+06
485303,430712
313703,339981
733813,721033
354475,386624
216053,371053
213117,256445
328021,498458
103611,184165
153721,343011
403890,469927
358360,446586
902104,1.00128e+06
609775,658995
114351,316677
255082,339875
809270,1.08117e+06
448767,510130
628058,797840
728328,961868
135357,138096
553244,623131
478556,539868
455756,629392
694719,1.00956e+06
220684,261170
409156,540595
264443,486524
440117,668650
361188,795824
539658,675829
328313,499729
565656,544710
59907,543463
153152,260284
168583,213158
244493,543059
370376,622555
334029,404730
107202,223290
223126,418152
197663,278970
552369,619292
129772,163786
396612,602517
129055,276165
339565,453971
508223,626706
142529,414964
328484,419829
623242,464358
295432,355467
94182.1,246686
195833,321978
360884,466360
1.03826e+06,1.11375e+06
144957,552871
294504,317239
503039,554549
305617,385006
265417,405421
683234,915448
780805,921101
291907,364557
1.08319e+06,871794
155659,227498
298823,317019
324132,608952
260464,469609
151455,251424
153995,408052
363677,457974
123262,376784
106068,226596
99194.2,362772
594822,527405
434550,577157
473667,506927
143428,179088
468597,666569
111691,318435
291323,342688
498144,631706
438128,623405
250650,457384
89902.2,274688
174933,673282
165240,379211
434178,523147
914004,991708
120403,379094
245191,272308
816040,664462
417234,516439
337945,321518
226597,675064
490184,620430
177745,315312
269730,342458
350383,545066
396071,658766
387983,416654
218314,384242
301310,452007
593785,598017
497809,815977
297457,402739
629274,901108
446096,544715
416294,557359
554359,581354
289237,344674
651541,210771
1.02911e+06,368028
429922,566405
198913,356255
732429,608840
463862,388240
351879,642705
681827,786271
110796,160740
87831.5,244151
295970,409580
815288,990118
392168,524148
374878,549285
1.1132e+06,971064
188666,433925
538917,527509
642312,822866
241174,448532
499685,541531
174516,443076
124143,430197
925601,340251
224178,420564
368816,404290
1.80318e+06,553103
647907,794742
800657,920784
334882,404054
248023,335675
494049,647783
282496,359507
510763,448270
78118.8,84783
240770,475544
252449,462828
194459,303775
78165.1,291583
581258,768267
69022.5,246980
1.27557e+06,315435
283170,277930
365079,639676
251680,223695
601966,618982
345412,419101
488316,553413
368314,713450
449767,558693
176131,227384
889450,1.03487e+06
165582,264174
189676,303343
300682,509202
269723,508948
174760,357449
122550,202152
187305,409685
375621,674048
402389,664850
205881,473250
724772,904469
271529,357176
157198,236353
224877,272257
89948.9,331088
227735,380936
69297.8,163685
420047,455788
1.06492e+06,1.09722e+06
484720,903878
105657,91380.8
202691,289471
339272,620734
955359,1.12252e+06
1.79399e+06,894890
259139,323412
729275,656271
578628,850188
192609,215323
213546,272765
257762,296835
591149,728605
543170,564686
311318,405778
125530,193561
247393,418841
433258,517925
328563,406568
913010,1.30626e+06
314138,510208
638739,664955
389252,447980
149143,252718
920719,823787
224124,294351
410916,518113
178836,218728
490850,428360
355421,467438
305118,450931
215737,309793
458331,603975
215088,294065
275810,422746
449576,646810
198953,381537
407153,510631
88431.7,206987
166323,259573
558755,528035
422500,726433
325650,363383
191994,176888
456001,397799
243314,352806
449162,784689
485884,539561
920001,1.12549e+06
222107,274985
957698,612583
65578.1,214125
520538,824000
172803,563615
790174,1.14125e+06
102460,287166
807517,1.31429e+06
174701,459156
66423.1,132691
443389,554577
83656.1,317560
452930,614731
494693,547233
138904,335598
143476,299844
152023,399747
314217,353771
195799,538128
557107,663467
176917,511612
161316,398674
596651,639216
458389,512438
183571,252803
100095,156300
182250,257038
195691,193682
151460,259234
248963,495672
2.12141e+06,491320
80353.7,356874
421119,667880
339238,401532
170423,347710
380666,410782
114859,114570
266703,337494
243333,267862
278502,395286
415208,435030
820922,947251
151507,289949
299307,423265
124780,256244
119033,203940
495698,634493
152549,198677
370934,520886
42500.7,339225
347779,770316
643373,707458
1.19119e+06,936963
436442,500782
228294,288183
633542,699588
924005,1.12494e+06
605989,719911
209973,229812
411463,453163
749415,24938.9
482954,726475
318889,452970
355635,328187
671157,723318
105327,422941
276266,609669
248549,303783
304320,347406
230266,303399
548233,355950
291947,734033
1.44081e+06,1.35528e+06
476668,617672
489206,309336
97508.8,159827
1.6162e+06,1.53086e+06
742433,883002
186701,201090
533212,633797
280289,318805
150121,220426
137738,384778
223623,647252
269619,432918
110993,284342
261265,399912
677893,700809
396200,682973
415188,433444
597522,615249
163480,199729
268283,344409
124851,284457
114194,175437
438753,496954
306314,368848
171848,511871
838361,933657
544920,710521
145358,248206
134725,178636
117835,226105
124840,232398
256626,249848
241080,296012
987641,1.12197e+06
499616,709893
378529,384530
316017,682280
121882,223472
336276,576498
133882,155830
524660,800364
104888,175227
626172,915382
188247,320557
235516,402263
209214,519530
324847,394723
505429,591998
567333,809897
406808,508094
132069,251711
2.81086e+06,962223
213585,587775
469578,868657
319778,438397
189511,267748
2.76e+06,858773
112579,177757
404735,465673
380219,654898
636281,702494
624860,747310
296577,466062
429557,549983
162771,337110
421681,402005
99069,196785
200608,375812
361885,391115
356755,515991
722309,706006
268573,553136
453669,558843
511461,704723
253895,532932
1.25026e+06,914981
143641,252926
97292.3,200046
322014,501435
415254,574662
767256,680348
122947,286959
159143,208518
334887,533589
127958,325167
269246,567259
341131,446794
81701.1,162860
609987,729462
335453,510390
368925,439445
603386,655236
255482,407159
158292,277569
850351,745322
169846,379544
96139.2,142286
234873,412626
1.18057e+06,714910
650178,686930
156182,384837
95555.8,288782
282483,517031
887345,989960
99257.2,330562
516383,662510
86501.3,177901
392906,508907
1.18709e+06,1.07629e+06
501195,432521
375519,578182
184538,440965
221547,757551
219657,252470
341942,386400
263059,416534
1.58104e+06,758339
149293,309958
160541,137025
766384,673596
180425,244583
99288.3,210584
107725,282364
460352,672429
443954,531088
232390,421071
82744.7,366744
90561.2,426727
664766,850159
196084,249407
224636,552816
666939,839753
309966,470048
360762,791033
54717.7,155727
420008,459536
154212,546707
178397,278493
1.23077e+06,553269
429160,636804
349851,562531
309242,659448
102004,188634
299018,498393
797257,1.03701e+06
300413,521370
724630,841600
356948,359546
497928,649239
179147,225793
1.80807e+06,549770
127894,263546
156165,323907
202798,464683
443654,489510
79750.6,215382
337512,513368
126238,384456
159314,187387
206983,426126
200776,467893
185604,598400
214060,360737
228995,285986
580774,482701
556531,773599
639046,329318
81536.2,322744
282866,420592
951289,1.24908e+06
528895,589638
462138,688494
171664,475827
380777,658316
246343,287452
109026,461424
442364,455103
122095,229491
907891,837470
288617,323077
323743,553010
146007,544580
268423,324083
803071,906619
312772,395659
1.14919e+06,1.05685e+06
450278,486230
153047,335108
266457,513265
556227,760851
248059,457336
185313,252688
192645,377708
772927,758275
150110,333967
310264,407758
80030.3,186132
218608,287369
556982,592536
202785,365845
607892,523255
517522,401576
233879,330425
912104,841024
108306,342834
413385,370187
303994,369668
280379,301287
264870,704096
1.02414e+06,1.09642e+06
195878,467970
524618,735269
206368,540230
946201,1.34672e+06
411041,591587
296614,566772
315496,356324
805775,923465
276055,434851
388910,638735
160709,374146
76295.1,217731
481994,527650
432486,825114
814981,878644
150423,262360
144944,222939
780772,846600
165136,225975
301547,265317
812909,739060
391756,533130
77989.9,130824
276784,486052
325746,585859
748933,717137
131120,303826
136834,352595
479034,701469
160835,174337
554463,658573
1.50966e+06,811373
874744,562330
153318,306496
229201,439764
1.30431e+06,935759
631715,587942
214247,242503
194179,257356
684936,817659
211277,313816
197292,379214
736825,389268
699401,1.08006e+06
282904,342941
757200,856372
289222,551393
388781,521226
293113,557303
154998,349073
665888,855538
565175,566332
1.54853e+06,794489
262301,480071
239531,266142
249083,287505
633056,779695
1.235e+06,687995
762452,646664
423782,681232
99984.5,305810
299058,360965
278050,473224
562724,412795
466599,611988
743336,1.08346e+06
861100,448290
465958,659376
330713,491324
208954,348940
232555,273525
75149.5,170080
391819,299999
208276,231477
300300,389214
215711,407285
614865,585021
601783,659593
668012,715208
71503.6,132520
471073,565788
215646,296990
695976,686198
133902,281791
267942,487220
362543,729026
190252,263964
479275,728679
467486,462686
158185,316702
1.98365e+06,1.12612e+06
238254,497296
1.24439e+06,1.08071e+06
401355,539648
155045,233056
207862,457611
379519,380420
676317,723025
397294,415829
550008,543620
324945,541264
224287,517845
452894,506962
328396,532466
671236,943893
105049,133986
507573,534555
169672,490332
1.2085e+06,953160
811257,831500
659644,670985
299560,416639
787557,896143
215132,237234
668967,617897
298993,484141
179922,285828
551883,335367
384766,414618
322099,294090
439937,682038
113082,258387
733757,1.09111e+06
1.71506e+06,910938
444374,458260
934385,660887
294068,577324
193592,375345
617528,559127
230043,336746
225391,345374
72167.2,213515
741307,861675
518162,486313
431126,624625
265067,528487
288109,411402
154697,226490
428012,659347
252268,678895
100837,190863
384520,495199
109588,301758
126556,276518
335533,429220
1.24093e+06,1.42319e+06
1.81086e+06,1.24236e+06
132658,279251
115503,188508
399832,810529
204434,302907
129041,383414
236722,241007
385087,662582
209464,302384
929362,1.45421e+06
1.84784e+06,543723
298798,515940
8.77977e+06,367942
965693,971622
142702,181395
242203,350974
155743,314136
152162,444949
408977,436386
139727,138553
385464,736775
727327,783470
260305,545491
752273,1.00094e+06
269117,347790
118463,180618
386487,385537
394973,517204
265915,448853
143170,450530
296611,354609
511697,726602
519159,445707
393556,423957
174287,206591
1.10537e+06,702885
353533,462793
248838,293907
333309,431386
259735,441961
121083,286499
454437,494259
245111,330286
78327.5,101109
442628,540727
301245,402492
130088,248610
407970,558788
893732,719952
428600,573403
343997,553601
919630,1.15472e+06
1.40278e+06,1.13307e+06
79622,431586
147353,426718
148432,582399
825475,994802
342703,675455
479034,827553
474380,585572
172441,195008
387624,721504
142847,294407
621690,741303
331188,504992
211361,297128
1.50357e+06,892253
88034.9,217371
123270,398353
130488,339742
107937,323671
146407,361080
271572,165205
78060,299407
169547,214617
864040,1.02282e+06
165832,221450
212976,509652
437174,283538
799746,931859
170958,457425
444491,579164
219612,449803
233956,411188
205056,442815
360952,512583
196576,328349
66062.8,171152
235867,241056
339107,573138
933669,691451
604699,642619
155507,363269
277229,435427
330941,611359
868281,944044
601925,772795
1.06076e+06,527499
441560,617698
159745,307268
201745,458887
308096,660670
834202,1.07113e+06
336970,449180
282519,556977
526853,637473
1.22857e+06,591124
302748,390943
186720,380553
180359,288575
166145,235523
407719,593878
186616,282555
176253,295458
464608,729530
595724,538936
835122,1.11104e+06
261235,308352
479193,650782
112804,285552
595210,668235
1.32622e+06,754084
1.06188e+06,1.39042e+06
591191,497947
115925,326180
702718,837358
136055,373319
947757,1.37649e+06
179314,320091
151490,252669
252662,344676
224452,173454
306766,409673
310186,371147
1.06793e+06,1.0729e+06
281394,505111
245568,299917
592542,704788
909951,1.0086e+06
294994,401576
462164,547755
172455,150581
323795,339993
146317,272098
339895,485759
189189,399708
468895,644721
1.40498e+06,1.37471e+06
638891,850849
215466,383214
172043,224617
85669.7,112032
484382,472580
181042,368467
76315.1,226547
208196,206542
540851,747304
1.166e+06,796650
652086,737329
163736,248104
287120,378554
289111,473438
571303,530782
285547,552090
566862,701655
1.09881e+06,1.33099e+06
590319,594135
1.06255e+06,1.17699e+06
632431,723106
1.13717e+06,822903
70846.9,209510
681375,929810
390063,528479
140267,379814
131758,305130
336736,402928
278435,559953
156771,509520
730383,1.10247e+06
828124,642406
402984,608683
283764,310833
141867,232295
841006,1.07845e+06
591047,812404
126698,267274
903466,747297
522124,630625
214527,569483
365453,416087
374364,384950
231792,313931
126595,182353
395288,607069
131730,192050
430806,481981
389505,528844
432454,687694
296266,263416
431285,446383
130493,222529
567315,432530
714594,527115
368273,522211
738803,1.10707e+06
958329,1.00309e+06
717816,569308
629153,670667
158961,343886
430221,720427
415985,558219
671760,852206
283547,540569
236171,521889
293583,513266
859516,994394
108389,210272
203214,385000
778745,975525
747765,523867
761818,691083
189917,542070
406248,415807
876349,833068
547687,540277
491638,579207
575584,634888
104440,272718
275568,400642
72547.3,427389
122294,203772
358114,556625
283289,681507
493998,526905
132623,339576
437929,390161
148415,339768
318652,537647
271317,427182
119035,200625
240396,329655
194068,386725
666714,723061
190858,234874
812452,902411
676832,889557
111112,210390
387595,529635
473917,528216
95739.5,193991
189351,237284
948211,604868
260363,486167
170043,204718
429811,450853
350360,263328
254585,286987
330806,337874
417433,646774
65689.4,278858
153186,545765
206324,323940
402512,586488
69757.3,213418
4.11125e+06,578011
317692,682527
113948,67879.8
348090,630290
217600,237035
419728,454506
419785,636185
222797,377427
238374,535997
398324,588854
196767,293675
157772,292414
650684,925880
741233,650273
1.10111e+06,1.08714e+06
421637,677592
379221,576521
882401,861273
1.38295e+06,1.19373e+06
181552,202037
176615,233289
593019,835785
656846,765209
437683,540680
162457,358244
130855,326535
569647,782131
422203,521628
553811,738219
619930,719758
328074,593546
509209,918762
198589,463457
441160,625139
685086,754826
321515,509263
264720,411360
447440,551668
226885,394536
502009,510259
535913,673893
473956,564963
440757,711138
204482,447455
158493,227583
104522,188108
112738,306009
307217,438797
255148,334435
281425,472277
402107,428965
697865,680968
743939,576891
450994,544106
140637,292121
351528,721863
1.27275e+06,1.3643e+06
370998,496097
415817,686543
76658.2,126638
578825,1.14354e+06
6.19038e+06,1.08743e+06
512036,554128
681940,873769
305665,494907
231562,344252
340597,500631
154057,245469
447632,575695
760630,820720
688409,771595
669264,1.03168e+06
380366,276291
152499,513654
325615,449872
336738,340472
303064,475378
454388,542798
849161,929838
169209,387533
228863,364272
644387,830154
165681,233441
147400,559305
158973,285004
151911,160189
1.32799e+06,272020
354721,391806
114985,267973
253364,553838
157691,220477
255037,438951
786424,712226
325196,401501
624012,752540
171345,393974
295156,561823
279565,537503
151723,441955
77869,436710
213114,191699
494390,570889
128214,283787
230290,364022
526970,763243
347334,478793
159132,312556
277784,393864
403800,430396
320372,548493
73894.2,152993
228267,343957
766485,790976
117157,366633
859358,1.10001e+06
1.52254e+06,1.19631e+06
193878,501333
202132,426095
873183,933456
59486.3,177626
632145,747327
621200,770069
379817,406772
241115,442145
865639,787420
727369,782669
131760,197883
299717,496939
1.50098e+06,930456
508301,654456
266048,456350
196854,242299
231861,398805
799883,769537
509875,375821
470769,577922
197770,332422
513336,639165
401227,600526
212168,296044
328304,389628
923529,937204
1.47085e+06,1.08295e+06
60457.2,435376
261564,558619
311414,354927
365671,321305
647572,450592
260678,417807
279038,349579
55768.4,116205
866739,834729
370853,554986
215811,342014
136841,192928
485394,834572
590073,793865
239466,456220
2.35309e+06,1.22112e+06
216107,255833
247690,810311
490526,571672
271262,554602
84496.3,205814
515358,624963
188556,325792
2.48924e+06,528427
524994,800787
574275,790976
341834,413226
354660,633676
445055,589465
132835,385714
113892,201853
380331,517168
305366,340550
273711,326835
269794,536032
148350,208164
74407.5,103961
339617,497824
1.90355e+06,394590
691676,887575
162140,332879
152717,290184
154333,224003
402011,638625
218457,561429
134168,308208
333763,307981
262734,316215
576781,514356
121217,170774
606953,834403
286539,505533
449117,599590
318681,521193
439852,652093
410568,690401
62587.6,297154
483364,704367
118865,201500
184740,210035
1.44777e+06,1.12428e+06
558686,695758
146070,312569
201920,463109
532490,717026
81174,310290
424119,601839
173140,564117
1.01971e+06,911293
329017,420933
1.23843e+06,974110
679643,723462
434991,596713
399090,519447
203472,411476
335782,563692
196603,248891
579582,608403
280241,304583
603105,565455
421899,473544
100264,141941
251111,472707
86868.5,218544
338965,610719
288805,446546
1.00541e+06,966899
315720,420254
218342,360358
207664,439619
798261,746764
632777,606025
109370,195465
314269,360200
448292,483190
643695,948568
175085,254278
314600,579624
120772,288530
324720,403799
662856,696224
129455,388050
141081,281758
327852,556885
421696,477999
334643,428499
118974,163323
614815,495951
825587,809681
342320,443247
554043,606359
272316,414727
203680,433216
399385,742096
1.83621e+06,448248
201282,402860
675262,401451
145232,369182
439621,526766
171163,458393
218450,405852
151950,404065
585149,567224
294019,334842
158287,303397
121291,292525
209008,494010
188180,256592
132435,489020
1.2682e+06,1.11068e+06
244437,331411
184531,285993
584053,926141
558570,684605
213349,291474
161480,174418
474273,467780
314923,448865
429670,439774
666572,719418
222436,325895
64250.8,319548
562383,585939
238854,327791
300553,349521
196087,535584
288005,280475
266701,439054
287645,602081
842383,954598
628308,766640
663794,594184
691108,568310
473335,526576
596541,647704
414044,583281
648604,757055
254718,351783
147324,265670
189517,340989
83172.4,253868
565092,531515
241940,434123
670440,835259
593576,672799
339418,406840
1.35374e+06,717232
499522,661506
176661,342075
351391,529340
648364,688264
276855,415254
464546,669809
124652,185018
487048,756978
460484,501448
741383,987077
524579,845404
317048,364444
401002,728783
351926,464797
328746,458517
113571,258172
64053.6,155188
275685,547395
170622,463988
525677,895968
205136,357500
323459,498287
577316,665099
239982,424742
202545,426743
716011,808942
205066,761542
96966.2,391839
650941,944071
1.22105e+06,934448
94879.3,140395
707618,730147
541697,687037
121766,212373
691630,749025
309201,321553
601337,734380
462545,736528
255557,547418
279334,355024
249909,754348
294333,485541
111352,298801
555950,844964
360186,468661
364596,567505
363964,579868
1.0022e+06,603041
188846,242453
258690,551825
296717,437566
1.4305e+06,451153
447069,424103
436784,257332
177247,433087
153636,327769
252489,439004
487563,607180
559876,684705
753881,1.08067e+06
546655,635698
281084,581246
91993.5,333012
130826,124347
82793.5,185767
741428,1.14503e+06
769530,725648
318856,325279
469290,583091
365324,375589
44162.6,291350
89281.9,359219
699500,775330
144083,232949
657053,879381
502351,589996
327890,505440
186837,313117
333568,403517
215167,461858
348604,414452
268608,445743
685917,818191
195546,473369
151706,368544
1.32336e+06,738287
501405,718155
304342,329797
413805,532034
659223,776404
326708,406673
768601,987447
451120,700910
1.86398e+06,785932
311035,577107
382804,324935
1.07551e+06,1.13336e+06
391704,440824
263557,350017
1.06294e+06,683659
286730,262020
161084,262526
550398,885532
3.05612e+07,860864
516391,748429
508980,741846
446186,715766
387845,395967
109778,149485
84612.6,115552
378706,570340
391337,482976
272059,414946
141684,141108
573283,522322
139689,286215
298006,311443
165626,232381
170858,297747
220651,266903
138468,620814
200204,251407
950712,1.05129e+06
387706,420005
309149,471475
196972,794248
265664,125534
270642,316980
1.34908e+06,299042
325602,423368
358120,443380
279962,532998
226485,271453
339116,456264
269054,300239
466303,586554
166630,308370
630711,186181
246695,476565
169183,497050
871344,1.1304e+06
226880,358361
479977,621431
644792,785621
159904,303344
467050,723289
204062,480157
354497,567755
508794,792448
219666,561703
1.0711e+06,967778
247175,439338
315701,480289
202482,238007
318706,369211
913941,966171
1.0923e+06,127001
434895,544688
754631,1.44508e+06
449233,683264
438719,579289
338820,484927
485022,644368
327617,406235
999078,1.07211e+06
310220,581660
235067,283108
428419,531783
334208,368108
105400,249886
108345,427769
562062,831190
563084,691589
335634,636995
661576,645562
290261,460959
286860,388964
140861,456777
1.18906e+06,1.10925e+06
223624,440700
741568,676586
422689,347852
193843,197526
2.22754e+06,818467
951590,952208
112427,399901
801683,808470
335246,801070
152927,412744
584884,902026
524009,684461
509476,807069
275545,351294
435934,579297
307390,370412
747420,725621
403719,444263
298602,374413
110064,259025
116972,430089
161594,456407
171699,256038
88320.5,229348
397765,630852
375346,473139
400624,472304
140576,271014
387780,605939
140988,379568
364700,413433
395345,531313
947965,523552
188225,258208
789185,932349
266277,330095
162563,277061
238460,389386
372136,483649
245133,389624
631383,861646
645858,858574
683361,794546
101806,191749
236827,343868
547527,382154
778055,637938
119147,399527
884499,906908
1.05332e+06,550075
787673,457793
607327,631510
317227,307497
894226,1.07456e+06
141117,273190
3.14672e+06,718085
300351,341319
111631,616096
134905,495153
357255,553243
158219,165725
115818,399700
306967,473211
547044,786817
263515,428745
227881,316083
107657,237752
261782,386963
364997,266520
235140,270655
150464,234895
176937,219833
931628,1.02793e+06
112866,424651
334062,504890
905870,1.2766e+06
257843,341676
85849.6,195173
315934,511010
501151,730409
458787,398802
165200,230184
236940,469151
1.01115e+06,1.1804e+06
776052,946270
181114,347418
497020,693913
918188,905043
471773,576479
310649,485122
462751,400748
341275,508021
392242,454091
102642,503050
384246,448038
142485,147568
979151,1.24252e+06
408561,469495
91715.8,324246
131310,202230
246570,340797
770444,786303
746668,882227
361110,466340
341483,454519
145424,500451
559043,644810
141718,154621
119701,156306
111851,189121
476415,568907
304017,374977
210421,276237
436812,492710
166808,238837
256084,572351
313794,306139
1.33121e+06,1.16232e+06
270543,576981
601807,1.00848e+06
264232,336337
165162,675910
646737,677183
276603,434141
1.07399e+06,1.15536e+06
260641,302518
159562,445572
921688,1.0917e+06
521780,1.01451e+06
974342,767105
175095,481382
129509,274366
201903,241458
566411,705829
151502,233521
209636,436055
476654,524534
612884,551657
385676,548659
210532,266522
880322,835642
306639,493404
363182,593438
501458,433603
149564,654435
647357,819206
127336,270708
542665,720277
79929.9,471523
1.28455e+06,1.5017e+06
158036,157252
168226,414322
5.18437e+06,404736
427793,644116
913879,1.01122e+06
355676,427836
161887,223471
740716,730629
365670,566791
672157,960392
670598,762145
1.41744e+06,739522
252619,249696
145672,260933
522605,682305
896012,779518
124747,356425
388119,484681
189852,372567
544632,796429
370426,556017
392416,566554
530677,582720
538941,773327
496193,588025
352296,443530
155474,298376
709033,750218
264711,373255
504755,534391
155176,286590
486545,763419
522559,554944
112570,199977
544593,804929
229333,384747
506628,348729
343556,500819
310937,376601
449276,554050
952679,716697
118530,246016
987365,1.45403e+06
211353,522036
673596,616852
869112,1.10701e+06
255614,347946
157654,222066
496783,295086
463251,314564
124132,305916
347514,472794
175107,230160
117643,166007
584845,646673
465820,610352
421579,503981
126159,219321
366885,390011
466624,476564
856908,1.0209e+06
187692,217315
2.07931e+06,953215
243300,522879
274613,318834
90872.4,356692
718797,675152
568986,543514
379657,479186
404152,488358
287272,639253
561089,958016
1.08331e+06,1.10287e+06
435306,1.07767e+06
202077,368652
336928,420168
257995,343828
275055,501302
200060,303784
152991,409543
594969,777425
572419,574330
408066,502968
652700,824895
548889,674939
303292,422553
624943,822925
1.2562e+06,1.1011e+06
106047,136101
301502,385323
357768,436022
386345,386622
376746,623058
191724,501943
616038,733692
572995,752500
88959.4,431479
121733,365501
163641,365652
92879.6,362023
63547.9,399572
1.07034e+06,904989
259147,352017
214150,308873
1.873e+06,29904.5
746095,776894
328384,608089
282889,545601
210232,450719
97701.9,150913
829361,968661
551282,676392
217869,548885
462027,679039
851659,1.02986e+06
362813,398510
67283.5,284401
344765,600098
362277,322972
347983,445691
631469,696789
364712,607333
310842,392623
202404,270145
229213,328493
415394,587469
440707,627305
232688,438730
179578,305525
104736,159812
319502,447699
1.12305e+06,1.01681e+06
362512,697997
499700,570643
187881,395292
806464,815207
85153.4,315081
777740,884172
731492,1.03882e+06
875130,352659
258441,369291
656122,878102
293851,410276
413110,667163
377781,406707
591822,311272
286482,643891
1.44676e+06,999320
160292,240842
669891,688590
774914,1.32512e+06
528621,735245
404981,638920
553571,479834
221733,315202
730467,830562
1.00241e+06,927751
480350,602088
900089,1.17239e+06
209007,431233
362973,596199
738272,822072
525365,556328
92653.8,195751
100456,279908
290316,563073
78574,269404
286154,307127
160497,285692
459191,678323
466779,779953
138384,190189
257900,425339
596280,572004
376249,469814
101699,280017
221319,363994
585061,797806
807909,739301
185064,219448
444172,528393
419613,515689
425880,593949
486300,621941
593073,1.29187e+06
188258,440390
117833,494251
303441,642363
565620,538002
325788,439659
483743,649208
278398,216155
82615.5,176481
440571,684000
321506,484382
200509,236081
626401,879786
675508,718817
324073,347780
249076,422582
174250,256466
987926,1.22039e+06
439185,351790
819877,774179
197029,443090
249704,332067
204481,388167
230117,471123
535190,758385
161209,297786
160569,398704
274813,393469
480155,572393
424022,593438
749914,753844
876151,1.2394e+06
537276,607024
237351,439688
849204,417816
997131,867161
395145,556126
90445.9,272478
96431.6,193316
191376,314171
130283,192575
471326,555372
854404,460208
192048,530180
199156,318536
479400,514313
217200,562095
359314,456579
788076,534700
325128,447237
368292,417225
578481,891908
185682,249727
392621,564528
426140,1.0225e+06
771633,870195
395080,613858
486247,726302
158107,209843
511176,471610
351530,486261
1.07075e+06,1.30275e+06
200948,421673
554145,585358
188918,516873
86173,203229
218248,462356
92389.7,127685
775700,993697
416935,452471
317921,473358
152350,270323
100249,174036
275000,336857
386362,520210
311453,399827
254387,414590
811579,879018
209107,442346
523959,578546
872620,856665
821058,883723
522996,644489
483785,480604
756859,589794
415602,428144
482966,804146
533525,613290
564669,673250
208535,295239
60565.8,136144
297453,609015
236500,273659
707668,744601
190157,418325
570312,691378
114069,308165
581796,750219
371687,562282
409417,794897
719631,404986
290207,399755
150868,266068
348401,531297
690094,773900
200402,355209
664941,589558
290897,315946
1.65931e+06,548465
377072,470048
218396,303340
420677,460714
708887,771831
875557,523974
136956,299381
162100,156034
306128,314339
290036,436334
294494,608141
2.03045e+06,1.25182e+06
103675,531333
107746,293883
216270,392460
164908,537571
175072,270240
239793,315973
104863,286094
218653,233545
440638,528663
364217,300234
190630,303081
287098,491933
97668.2,292232
626038,657723
151612,220790
289515,383519
249230,380457
456082,630147
290548,211521
311554,374447
438556,580897
814184,1.14945e+06
136976,160561
478798,578052
1.05133e+06,998648
167508,573993
270080,311237
392501,485429
443518,647176
556355,808620
212178,316876
216402,337920
390593,451708
758568,740483
213651,224209
674847,708494
151290,192550
197368,471555
254989,350000
207358,306752
351153,504415
328431,477415
814633,905043
520236,666097
658550,604264
368835,360367
146135,467550
241557,373272
